{
 "cells": [
  {
   "cell_type": "code",
   "execution_count": 2,
   "metadata": {},
   "outputs": [],
   "source": [
    "%matplotlib inline\n",
    "import matplotlib.pyplot as pyplot\n",
    "from sklearn import datasets\n",
    "from sklearn.feature_selection import SelectKBest, f_regression\n",
    "from sklearn.linear_model import LinearRegression\n",
    "from sklearn.svm import SVR\n",
    "from sklearn.ensemble import RandomForestRegressor\n",
    "import pandas\n",
    "import seaborn\n",
    "import numpy"
   ]
  },
  {
   "cell_type": "code",
   "execution_count": 3,
   "metadata": {},
   "outputs": [],
   "source": [
    "boston = datasets.load_boston()\n",
    "boston_df = pandas.DataFrame(boston.data, columns=boston.feature_names)"
   ]
  },
  {
   "cell_type": "code",
   "execution_count": 4,
   "metadata": {},
   "outputs": [
    {
     "name": "stdout",
     "output_type": "stream",
     "text": [
      "506\n",
      "13\n"
     ]
    }
   ],
   "source": [
    "instance_count, attribute_count = boston_df.shape\n",
    "print(instance_count)\n",
    "print(attribute_count)"
   ]
  },
  {
   "cell_type": "code",
   "execution_count": 5,
   "metadata": {},
   "outputs": [
    {
     "data": {
      "text/html": [
       "<div>\n",
       "<style scoped>\n",
       "    .dataframe tbody tr th:only-of-type {\n",
       "        vertical-align: middle;\n",
       "    }\n",
       "\n",
       "    .dataframe tbody tr th {\n",
       "        vertical-align: top;\n",
       "    }\n",
       "\n",
       "    .dataframe thead th {\n",
       "        text-align: right;\n",
       "    }\n",
       "</style>\n",
       "<table border=\"1\" class=\"dataframe\">\n",
       "  <thead>\n",
       "    <tr style=\"text-align: right;\">\n",
       "      <th></th>\n",
       "      <th>CRIM</th>\n",
       "      <th>ZN</th>\n",
       "      <th>INDUS</th>\n",
       "      <th>CHAS</th>\n",
       "      <th>NOX</th>\n",
       "      <th>RM</th>\n",
       "      <th>AGE</th>\n",
       "      <th>DIS</th>\n",
       "      <th>RAD</th>\n",
       "      <th>TAX</th>\n",
       "      <th>PTRATIO</th>\n",
       "      <th>B</th>\n",
       "      <th>LSTAT</th>\n",
       "    </tr>\n",
       "  </thead>\n",
       "  <tbody>\n",
       "    <tr>\n",
       "      <th>count</th>\n",
       "      <td>506.000000</td>\n",
       "      <td>506.000000</td>\n",
       "      <td>506.000000</td>\n",
       "      <td>506.000000</td>\n",
       "      <td>506.000000</td>\n",
       "      <td>506.000000</td>\n",
       "      <td>506.000000</td>\n",
       "      <td>506.000000</td>\n",
       "      <td>506.000000</td>\n",
       "      <td>506.000000</td>\n",
       "      <td>506.000000</td>\n",
       "      <td>506.000000</td>\n",
       "      <td>506.000000</td>\n",
       "    </tr>\n",
       "    <tr>\n",
       "      <th>mean</th>\n",
       "      <td>3.593761</td>\n",
       "      <td>11.363636</td>\n",
       "      <td>11.136779</td>\n",
       "      <td>0.069170</td>\n",
       "      <td>0.554695</td>\n",
       "      <td>6.284634</td>\n",
       "      <td>68.574901</td>\n",
       "      <td>3.795043</td>\n",
       "      <td>9.549407</td>\n",
       "      <td>408.237154</td>\n",
       "      <td>18.455534</td>\n",
       "      <td>356.674032</td>\n",
       "      <td>12.653063</td>\n",
       "    </tr>\n",
       "    <tr>\n",
       "      <th>std</th>\n",
       "      <td>8.596783</td>\n",
       "      <td>23.322453</td>\n",
       "      <td>6.860353</td>\n",
       "      <td>0.253994</td>\n",
       "      <td>0.115878</td>\n",
       "      <td>0.702617</td>\n",
       "      <td>28.148861</td>\n",
       "      <td>2.105710</td>\n",
       "      <td>8.707259</td>\n",
       "      <td>168.537116</td>\n",
       "      <td>2.164946</td>\n",
       "      <td>91.294864</td>\n",
       "      <td>7.141062</td>\n",
       "    </tr>\n",
       "    <tr>\n",
       "      <th>min</th>\n",
       "      <td>0.006320</td>\n",
       "      <td>0.000000</td>\n",
       "      <td>0.460000</td>\n",
       "      <td>0.000000</td>\n",
       "      <td>0.385000</td>\n",
       "      <td>3.561000</td>\n",
       "      <td>2.900000</td>\n",
       "      <td>1.129600</td>\n",
       "      <td>1.000000</td>\n",
       "      <td>187.000000</td>\n",
       "      <td>12.600000</td>\n",
       "      <td>0.320000</td>\n",
       "      <td>1.730000</td>\n",
       "    </tr>\n",
       "    <tr>\n",
       "      <th>25%</th>\n",
       "      <td>0.082045</td>\n",
       "      <td>0.000000</td>\n",
       "      <td>5.190000</td>\n",
       "      <td>0.000000</td>\n",
       "      <td>0.449000</td>\n",
       "      <td>5.885500</td>\n",
       "      <td>45.025000</td>\n",
       "      <td>2.100175</td>\n",
       "      <td>4.000000</td>\n",
       "      <td>279.000000</td>\n",
       "      <td>17.400000</td>\n",
       "      <td>375.377500</td>\n",
       "      <td>6.950000</td>\n",
       "    </tr>\n",
       "    <tr>\n",
       "      <th>50%</th>\n",
       "      <td>0.256510</td>\n",
       "      <td>0.000000</td>\n",
       "      <td>9.690000</td>\n",
       "      <td>0.000000</td>\n",
       "      <td>0.538000</td>\n",
       "      <td>6.208500</td>\n",
       "      <td>77.500000</td>\n",
       "      <td>3.207450</td>\n",
       "      <td>5.000000</td>\n",
       "      <td>330.000000</td>\n",
       "      <td>19.050000</td>\n",
       "      <td>391.440000</td>\n",
       "      <td>11.360000</td>\n",
       "    </tr>\n",
       "    <tr>\n",
       "      <th>75%</th>\n",
       "      <td>3.647423</td>\n",
       "      <td>12.500000</td>\n",
       "      <td>18.100000</td>\n",
       "      <td>0.000000</td>\n",
       "      <td>0.624000</td>\n",
       "      <td>6.623500</td>\n",
       "      <td>94.075000</td>\n",
       "      <td>5.188425</td>\n",
       "      <td>24.000000</td>\n",
       "      <td>666.000000</td>\n",
       "      <td>20.200000</td>\n",
       "      <td>396.225000</td>\n",
       "      <td>16.955000</td>\n",
       "    </tr>\n",
       "    <tr>\n",
       "      <th>max</th>\n",
       "      <td>88.976200</td>\n",
       "      <td>100.000000</td>\n",
       "      <td>27.740000</td>\n",
       "      <td>1.000000</td>\n",
       "      <td>0.871000</td>\n",
       "      <td>8.780000</td>\n",
       "      <td>100.000000</td>\n",
       "      <td>12.126500</td>\n",
       "      <td>24.000000</td>\n",
       "      <td>711.000000</td>\n",
       "      <td>22.000000</td>\n",
       "      <td>396.900000</td>\n",
       "      <td>37.970000</td>\n",
       "    </tr>\n",
       "  </tbody>\n",
       "</table>\n",
       "</div>"
      ],
      "text/plain": [
       "             CRIM          ZN       INDUS        CHAS         NOX          RM  \\\n",
       "count  506.000000  506.000000  506.000000  506.000000  506.000000  506.000000   \n",
       "mean     3.593761   11.363636   11.136779    0.069170    0.554695    6.284634   \n",
       "std      8.596783   23.322453    6.860353    0.253994    0.115878    0.702617   \n",
       "min      0.006320    0.000000    0.460000    0.000000    0.385000    3.561000   \n",
       "25%      0.082045    0.000000    5.190000    0.000000    0.449000    5.885500   \n",
       "50%      0.256510    0.000000    9.690000    0.000000    0.538000    6.208500   \n",
       "75%      3.647423   12.500000   18.100000    0.000000    0.624000    6.623500   \n",
       "max     88.976200  100.000000   27.740000    1.000000    0.871000    8.780000   \n",
       "\n",
       "              AGE         DIS         RAD         TAX     PTRATIO           B  \\\n",
       "count  506.000000  506.000000  506.000000  506.000000  506.000000  506.000000   \n",
       "mean    68.574901    3.795043    9.549407  408.237154   18.455534  356.674032   \n",
       "std     28.148861    2.105710    8.707259  168.537116    2.164946   91.294864   \n",
       "min      2.900000    1.129600    1.000000  187.000000   12.600000    0.320000   \n",
       "25%     45.025000    2.100175    4.000000  279.000000   17.400000  375.377500   \n",
       "50%     77.500000    3.207450    5.000000  330.000000   19.050000  391.440000   \n",
       "75%     94.075000    5.188425   24.000000  666.000000   20.200000  396.225000   \n",
       "max    100.000000   12.126500   24.000000  711.000000   22.000000  396.900000   \n",
       "\n",
       "            LSTAT  \n",
       "count  506.000000  \n",
       "mean    12.653063  \n",
       "std      7.141062  \n",
       "min      1.730000  \n",
       "25%      6.950000  \n",
       "50%     11.360000  \n",
       "75%     16.955000  \n",
       "max     37.970000  "
      ]
     },
     "execution_count": 5,
     "metadata": {},
     "output_type": "execute_result"
    }
   ],
   "source": [
    "boston_df.describe()"
   ]
  },
  {
   "cell_type": "code",
   "execution_count": 6,
   "metadata": {},
   "outputs": [
    {
     "data": {
      "text/plain": [
       "CRIM       False\n",
       "ZN         False\n",
       "INDUS      False\n",
       "CHAS       False\n",
       "NOX        False\n",
       "RM         False\n",
       "AGE        False\n",
       "DIS        False\n",
       "RAD        False\n",
       "TAX        False\n",
       "PTRATIO    False\n",
       "B          False\n",
       "LSTAT      False\n",
       "dtype: bool"
      ]
     },
     "execution_count": 6,
     "metadata": {},
     "output_type": "execute_result"
    }
   ],
   "source": [
    "pandas.isnull(boston_df).any()"
   ]
  },
  {
   "cell_type": "code",
   "execution_count": 7,
   "metadata": {},
   "outputs": [
    {
     "data": {
      "text/html": [
       "<div>\n",
       "<style scoped>\n",
       "    .dataframe tbody tr th:only-of-type {\n",
       "        vertical-align: middle;\n",
       "    }\n",
       "\n",
       "    .dataframe tbody tr th {\n",
       "        vertical-align: top;\n",
       "    }\n",
       "\n",
       "    .dataframe thead th {\n",
       "        text-align: right;\n",
       "    }\n",
       "</style>\n",
       "<table border=\"1\" class=\"dataframe\">\n",
       "  <thead>\n",
       "    <tr style=\"text-align: right;\">\n",
       "      <th></th>\n",
       "      <th>CRIM</th>\n",
       "      <th>ZN</th>\n",
       "      <th>INDUS</th>\n",
       "      <th>CHAS</th>\n",
       "      <th>NOX</th>\n",
       "      <th>RM</th>\n",
       "      <th>AGE</th>\n",
       "      <th>DIS</th>\n",
       "      <th>RAD</th>\n",
       "      <th>TAX</th>\n",
       "      <th>PTRATIO</th>\n",
       "      <th>B</th>\n",
       "      <th>LSTAT</th>\n",
       "    </tr>\n",
       "  </thead>\n",
       "  <tbody>\n",
       "    <tr>\n",
       "      <th>CRIM</th>\n",
       "      <td>1.000000</td>\n",
       "      <td>-0.199458</td>\n",
       "      <td>0.404471</td>\n",
       "      <td>-0.055295</td>\n",
       "      <td>0.417521</td>\n",
       "      <td>-0.219940</td>\n",
       "      <td>0.350784</td>\n",
       "      <td>-0.377904</td>\n",
       "      <td>0.622029</td>\n",
       "      <td>0.579564</td>\n",
       "      <td>0.288250</td>\n",
       "      <td>-0.377365</td>\n",
       "      <td>0.452220</td>\n",
       "    </tr>\n",
       "    <tr>\n",
       "      <th>ZN</th>\n",
       "      <td>-0.199458</td>\n",
       "      <td>1.000000</td>\n",
       "      <td>-0.533828</td>\n",
       "      <td>-0.042697</td>\n",
       "      <td>-0.516604</td>\n",
       "      <td>0.311991</td>\n",
       "      <td>-0.569537</td>\n",
       "      <td>0.664408</td>\n",
       "      <td>-0.311948</td>\n",
       "      <td>-0.314563</td>\n",
       "      <td>-0.391679</td>\n",
       "      <td>0.175520</td>\n",
       "      <td>-0.412995</td>\n",
       "    </tr>\n",
       "    <tr>\n",
       "      <th>INDUS</th>\n",
       "      <td>0.404471</td>\n",
       "      <td>-0.533828</td>\n",
       "      <td>1.000000</td>\n",
       "      <td>0.062938</td>\n",
       "      <td>0.763651</td>\n",
       "      <td>-0.391676</td>\n",
       "      <td>0.644779</td>\n",
       "      <td>-0.708027</td>\n",
       "      <td>0.595129</td>\n",
       "      <td>0.720760</td>\n",
       "      <td>0.383248</td>\n",
       "      <td>-0.356977</td>\n",
       "      <td>0.603800</td>\n",
       "    </tr>\n",
       "    <tr>\n",
       "      <th>CHAS</th>\n",
       "      <td>-0.055295</td>\n",
       "      <td>-0.042697</td>\n",
       "      <td>0.062938</td>\n",
       "      <td>1.000000</td>\n",
       "      <td>0.091203</td>\n",
       "      <td>0.091251</td>\n",
       "      <td>0.086518</td>\n",
       "      <td>-0.099176</td>\n",
       "      <td>-0.007368</td>\n",
       "      <td>-0.035587</td>\n",
       "      <td>-0.121515</td>\n",
       "      <td>0.048788</td>\n",
       "      <td>-0.053929</td>\n",
       "    </tr>\n",
       "    <tr>\n",
       "      <th>NOX</th>\n",
       "      <td>0.417521</td>\n",
       "      <td>-0.516604</td>\n",
       "      <td>0.763651</td>\n",
       "      <td>0.091203</td>\n",
       "      <td>1.000000</td>\n",
       "      <td>-0.302188</td>\n",
       "      <td>0.731470</td>\n",
       "      <td>-0.769230</td>\n",
       "      <td>0.611441</td>\n",
       "      <td>0.668023</td>\n",
       "      <td>0.188933</td>\n",
       "      <td>-0.380051</td>\n",
       "      <td>0.590879</td>\n",
       "    </tr>\n",
       "    <tr>\n",
       "      <th>RM</th>\n",
       "      <td>-0.219940</td>\n",
       "      <td>0.311991</td>\n",
       "      <td>-0.391676</td>\n",
       "      <td>0.091251</td>\n",
       "      <td>-0.302188</td>\n",
       "      <td>1.000000</td>\n",
       "      <td>-0.240265</td>\n",
       "      <td>0.205246</td>\n",
       "      <td>-0.209847</td>\n",
       "      <td>-0.292048</td>\n",
       "      <td>-0.355501</td>\n",
       "      <td>0.128069</td>\n",
       "      <td>-0.613808</td>\n",
       "    </tr>\n",
       "    <tr>\n",
       "      <th>AGE</th>\n",
       "      <td>0.350784</td>\n",
       "      <td>-0.569537</td>\n",
       "      <td>0.644779</td>\n",
       "      <td>0.086518</td>\n",
       "      <td>0.731470</td>\n",
       "      <td>-0.240265</td>\n",
       "      <td>1.000000</td>\n",
       "      <td>-0.747881</td>\n",
       "      <td>0.456022</td>\n",
       "      <td>0.506456</td>\n",
       "      <td>0.261515</td>\n",
       "      <td>-0.273534</td>\n",
       "      <td>0.602339</td>\n",
       "    </tr>\n",
       "    <tr>\n",
       "      <th>DIS</th>\n",
       "      <td>-0.377904</td>\n",
       "      <td>0.664408</td>\n",
       "      <td>-0.708027</td>\n",
       "      <td>-0.099176</td>\n",
       "      <td>-0.769230</td>\n",
       "      <td>0.205246</td>\n",
       "      <td>-0.747881</td>\n",
       "      <td>1.000000</td>\n",
       "      <td>-0.494588</td>\n",
       "      <td>-0.534432</td>\n",
       "      <td>-0.232471</td>\n",
       "      <td>0.291512</td>\n",
       "      <td>-0.496996</td>\n",
       "    </tr>\n",
       "    <tr>\n",
       "      <th>RAD</th>\n",
       "      <td>0.622029</td>\n",
       "      <td>-0.311948</td>\n",
       "      <td>0.595129</td>\n",
       "      <td>-0.007368</td>\n",
       "      <td>0.611441</td>\n",
       "      <td>-0.209847</td>\n",
       "      <td>0.456022</td>\n",
       "      <td>-0.494588</td>\n",
       "      <td>1.000000</td>\n",
       "      <td>0.910228</td>\n",
       "      <td>0.464741</td>\n",
       "      <td>-0.444413</td>\n",
       "      <td>0.488676</td>\n",
       "    </tr>\n",
       "    <tr>\n",
       "      <th>TAX</th>\n",
       "      <td>0.579564</td>\n",
       "      <td>-0.314563</td>\n",
       "      <td>0.720760</td>\n",
       "      <td>-0.035587</td>\n",
       "      <td>0.668023</td>\n",
       "      <td>-0.292048</td>\n",
       "      <td>0.506456</td>\n",
       "      <td>-0.534432</td>\n",
       "      <td>0.910228</td>\n",
       "      <td>1.000000</td>\n",
       "      <td>0.460853</td>\n",
       "      <td>-0.441808</td>\n",
       "      <td>0.543993</td>\n",
       "    </tr>\n",
       "    <tr>\n",
       "      <th>PTRATIO</th>\n",
       "      <td>0.288250</td>\n",
       "      <td>-0.391679</td>\n",
       "      <td>0.383248</td>\n",
       "      <td>-0.121515</td>\n",
       "      <td>0.188933</td>\n",
       "      <td>-0.355501</td>\n",
       "      <td>0.261515</td>\n",
       "      <td>-0.232471</td>\n",
       "      <td>0.464741</td>\n",
       "      <td>0.460853</td>\n",
       "      <td>1.000000</td>\n",
       "      <td>-0.177383</td>\n",
       "      <td>0.374044</td>\n",
       "    </tr>\n",
       "    <tr>\n",
       "      <th>B</th>\n",
       "      <td>-0.377365</td>\n",
       "      <td>0.175520</td>\n",
       "      <td>-0.356977</td>\n",
       "      <td>0.048788</td>\n",
       "      <td>-0.380051</td>\n",
       "      <td>0.128069</td>\n",
       "      <td>-0.273534</td>\n",
       "      <td>0.291512</td>\n",
       "      <td>-0.444413</td>\n",
       "      <td>-0.441808</td>\n",
       "      <td>-0.177383</td>\n",
       "      <td>1.000000</td>\n",
       "      <td>-0.366087</td>\n",
       "    </tr>\n",
       "    <tr>\n",
       "      <th>LSTAT</th>\n",
       "      <td>0.452220</td>\n",
       "      <td>-0.412995</td>\n",
       "      <td>0.603800</td>\n",
       "      <td>-0.053929</td>\n",
       "      <td>0.590879</td>\n",
       "      <td>-0.613808</td>\n",
       "      <td>0.602339</td>\n",
       "      <td>-0.496996</td>\n",
       "      <td>0.488676</td>\n",
       "      <td>0.543993</td>\n",
       "      <td>0.374044</td>\n",
       "      <td>-0.366087</td>\n",
       "      <td>1.000000</td>\n",
       "    </tr>\n",
       "  </tbody>\n",
       "</table>\n",
       "</div>"
      ],
      "text/plain": [
       "             CRIM        ZN     INDUS      CHAS       NOX        RM       AGE  \\\n",
       "CRIM     1.000000 -0.199458  0.404471 -0.055295  0.417521 -0.219940  0.350784   \n",
       "ZN      -0.199458  1.000000 -0.533828 -0.042697 -0.516604  0.311991 -0.569537   \n",
       "INDUS    0.404471 -0.533828  1.000000  0.062938  0.763651 -0.391676  0.644779   \n",
       "CHAS    -0.055295 -0.042697  0.062938  1.000000  0.091203  0.091251  0.086518   \n",
       "NOX      0.417521 -0.516604  0.763651  0.091203  1.000000 -0.302188  0.731470   \n",
       "RM      -0.219940  0.311991 -0.391676  0.091251 -0.302188  1.000000 -0.240265   \n",
       "AGE      0.350784 -0.569537  0.644779  0.086518  0.731470 -0.240265  1.000000   \n",
       "DIS     -0.377904  0.664408 -0.708027 -0.099176 -0.769230  0.205246 -0.747881   \n",
       "RAD      0.622029 -0.311948  0.595129 -0.007368  0.611441 -0.209847  0.456022   \n",
       "TAX      0.579564 -0.314563  0.720760 -0.035587  0.668023 -0.292048  0.506456   \n",
       "PTRATIO  0.288250 -0.391679  0.383248 -0.121515  0.188933 -0.355501  0.261515   \n",
       "B       -0.377365  0.175520 -0.356977  0.048788 -0.380051  0.128069 -0.273534   \n",
       "LSTAT    0.452220 -0.412995  0.603800 -0.053929  0.590879 -0.613808  0.602339   \n",
       "\n",
       "              DIS       RAD       TAX   PTRATIO         B     LSTAT  \n",
       "CRIM    -0.377904  0.622029  0.579564  0.288250 -0.377365  0.452220  \n",
       "ZN       0.664408 -0.311948 -0.314563 -0.391679  0.175520 -0.412995  \n",
       "INDUS   -0.708027  0.595129  0.720760  0.383248 -0.356977  0.603800  \n",
       "CHAS    -0.099176 -0.007368 -0.035587 -0.121515  0.048788 -0.053929  \n",
       "NOX     -0.769230  0.611441  0.668023  0.188933 -0.380051  0.590879  \n",
       "RM       0.205246 -0.209847 -0.292048 -0.355501  0.128069 -0.613808  \n",
       "AGE     -0.747881  0.456022  0.506456  0.261515 -0.273534  0.602339  \n",
       "DIS      1.000000 -0.494588 -0.534432 -0.232471  0.291512 -0.496996  \n",
       "RAD     -0.494588  1.000000  0.910228  0.464741 -0.444413  0.488676  \n",
       "TAX     -0.534432  0.910228  1.000000  0.460853 -0.441808  0.543993  \n",
       "PTRATIO -0.232471  0.464741  0.460853  1.000000 -0.177383  0.374044  \n",
       "B        0.291512 -0.444413 -0.441808 -0.177383  1.000000 -0.366087  \n",
       "LSTAT   -0.496996  0.488676  0.543993  0.374044 -0.366087  1.000000  "
      ]
     },
     "execution_count": 7,
     "metadata": {},
     "output_type": "execute_result"
    }
   ],
   "source": [
    "boston_df.corr(method='pearson')"
   ]
  },
  {
   "cell_type": "code",
   "execution_count": 8,
   "metadata": {},
   "outputs": [
    {
     "data": {
      "text/html": [
       "<div>\n",
       "<style scoped>\n",
       "    .dataframe tbody tr th:only-of-type {\n",
       "        vertical-align: middle;\n",
       "    }\n",
       "\n",
       "    .dataframe tbody tr th {\n",
       "        vertical-align: top;\n",
       "    }\n",
       "\n",
       "    .dataframe thead th {\n",
       "        text-align: right;\n",
       "    }\n",
       "</style>\n",
       "<table border=\"1\" class=\"dataframe\">\n",
       "  <thead>\n",
       "    <tr style=\"text-align: right;\">\n",
       "      <th></th>\n",
       "      <th>CRIM</th>\n",
       "      <th>ZN</th>\n",
       "      <th>INDUS</th>\n",
       "      <th>CHAS</th>\n",
       "      <th>NOX</th>\n",
       "      <th>RM</th>\n",
       "      <th>AGE</th>\n",
       "      <th>DIS</th>\n",
       "      <th>RAD</th>\n",
       "      <th>TAX</th>\n",
       "      <th>PTRATIO</th>\n",
       "      <th>B</th>\n",
       "      <th>LSTAT</th>\n",
       "    </tr>\n",
       "  </thead>\n",
       "  <tbody>\n",
       "    <tr>\n",
       "      <th>CRIM</th>\n",
       "      <td>1.000000</td>\n",
       "      <td>-0.571586</td>\n",
       "      <td>0.735409</td>\n",
       "      <td>0.042337</td>\n",
       "      <td>0.820355</td>\n",
       "      <td>-0.310738</td>\n",
       "      <td>0.703673</td>\n",
       "      <td>-0.744381</td>\n",
       "      <td>0.726496</td>\n",
       "      <td>0.728157</td>\n",
       "      <td>0.464386</td>\n",
       "      <td>-0.358463</td>\n",
       "      <td>0.632969</td>\n",
       "    </tr>\n",
       "    <tr>\n",
       "      <th>ZN</th>\n",
       "      <td>-0.571586</td>\n",
       "      <td>1.000000</td>\n",
       "      <td>-0.642811</td>\n",
       "      <td>-0.041937</td>\n",
       "      <td>-0.634828</td>\n",
       "      <td>0.361074</td>\n",
       "      <td>-0.544423</td>\n",
       "      <td>0.614627</td>\n",
       "      <td>-0.278767</td>\n",
       "      <td>-0.371394</td>\n",
       "      <td>-0.448475</td>\n",
       "      <td>0.163135</td>\n",
       "      <td>-0.490074</td>\n",
       "    </tr>\n",
       "    <tr>\n",
       "      <th>INDUS</th>\n",
       "      <td>0.735409</td>\n",
       "      <td>-0.642811</td>\n",
       "      <td>1.000000</td>\n",
       "      <td>0.089841</td>\n",
       "      <td>0.791189</td>\n",
       "      <td>-0.415301</td>\n",
       "      <td>0.679487</td>\n",
       "      <td>-0.757080</td>\n",
       "      <td>0.455507</td>\n",
       "      <td>0.664361</td>\n",
       "      <td>0.433710</td>\n",
       "      <td>-0.285840</td>\n",
       "      <td>0.638747</td>\n",
       "    </tr>\n",
       "    <tr>\n",
       "      <th>CHAS</th>\n",
       "      <td>0.042337</td>\n",
       "      <td>-0.041937</td>\n",
       "      <td>0.089841</td>\n",
       "      <td>1.000000</td>\n",
       "      <td>0.068426</td>\n",
       "      <td>0.058813</td>\n",
       "      <td>0.067792</td>\n",
       "      <td>-0.080248</td>\n",
       "      <td>0.024579</td>\n",
       "      <td>-0.044486</td>\n",
       "      <td>-0.136065</td>\n",
       "      <td>-0.039810</td>\n",
       "      <td>-0.050575</td>\n",
       "    </tr>\n",
       "    <tr>\n",
       "      <th>NOX</th>\n",
       "      <td>0.820355</td>\n",
       "      <td>-0.634828</td>\n",
       "      <td>0.791189</td>\n",
       "      <td>0.068426</td>\n",
       "      <td>1.000000</td>\n",
       "      <td>-0.310344</td>\n",
       "      <td>0.795153</td>\n",
       "      <td>-0.880015</td>\n",
       "      <td>0.586429</td>\n",
       "      <td>0.649527</td>\n",
       "      <td>0.391309</td>\n",
       "      <td>-0.296662</td>\n",
       "      <td>0.636828</td>\n",
       "    </tr>\n",
       "    <tr>\n",
       "      <th>RM</th>\n",
       "      <td>-0.310738</td>\n",
       "      <td>0.361074</td>\n",
       "      <td>-0.415301</td>\n",
       "      <td>0.058813</td>\n",
       "      <td>-0.310344</td>\n",
       "      <td>1.000000</td>\n",
       "      <td>-0.278082</td>\n",
       "      <td>0.263168</td>\n",
       "      <td>-0.107492</td>\n",
       "      <td>-0.271898</td>\n",
       "      <td>-0.312923</td>\n",
       "      <td>0.053660</td>\n",
       "      <td>-0.640832</td>\n",
       "    </tr>\n",
       "    <tr>\n",
       "      <th>AGE</th>\n",
       "      <td>0.703673</td>\n",
       "      <td>-0.544423</td>\n",
       "      <td>0.679487</td>\n",
       "      <td>0.067792</td>\n",
       "      <td>0.795153</td>\n",
       "      <td>-0.278082</td>\n",
       "      <td>1.000000</td>\n",
       "      <td>-0.801610</td>\n",
       "      <td>0.417983</td>\n",
       "      <td>0.526366</td>\n",
       "      <td>0.355384</td>\n",
       "      <td>-0.228022</td>\n",
       "      <td>0.657071</td>\n",
       "    </tr>\n",
       "    <tr>\n",
       "      <th>DIS</th>\n",
       "      <td>-0.744381</td>\n",
       "      <td>0.614627</td>\n",
       "      <td>-0.757080</td>\n",
       "      <td>-0.080248</td>\n",
       "      <td>-0.880015</td>\n",
       "      <td>0.263168</td>\n",
       "      <td>-0.801610</td>\n",
       "      <td>1.000000</td>\n",
       "      <td>-0.495806</td>\n",
       "      <td>-0.574336</td>\n",
       "      <td>-0.322041</td>\n",
       "      <td>0.249595</td>\n",
       "      <td>-0.564262</td>\n",
       "    </tr>\n",
       "    <tr>\n",
       "      <th>RAD</th>\n",
       "      <td>0.726496</td>\n",
       "      <td>-0.278767</td>\n",
       "      <td>0.455507</td>\n",
       "      <td>0.024579</td>\n",
       "      <td>0.586429</td>\n",
       "      <td>-0.107492</td>\n",
       "      <td>0.417983</td>\n",
       "      <td>-0.495806</td>\n",
       "      <td>1.000000</td>\n",
       "      <td>0.704876</td>\n",
       "      <td>0.318330</td>\n",
       "      <td>-0.282533</td>\n",
       "      <td>0.394322</td>\n",
       "    </tr>\n",
       "    <tr>\n",
       "      <th>TAX</th>\n",
       "      <td>0.728157</td>\n",
       "      <td>-0.371394</td>\n",
       "      <td>0.664361</td>\n",
       "      <td>-0.044486</td>\n",
       "      <td>0.649527</td>\n",
       "      <td>-0.271898</td>\n",
       "      <td>0.526366</td>\n",
       "      <td>-0.574336</td>\n",
       "      <td>0.704876</td>\n",
       "      <td>1.000000</td>\n",
       "      <td>0.453345</td>\n",
       "      <td>-0.329843</td>\n",
       "      <td>0.534423</td>\n",
       "    </tr>\n",
       "    <tr>\n",
       "      <th>PTRATIO</th>\n",
       "      <td>0.464386</td>\n",
       "      <td>-0.448475</td>\n",
       "      <td>0.433710</td>\n",
       "      <td>-0.136065</td>\n",
       "      <td>0.391309</td>\n",
       "      <td>-0.312923</td>\n",
       "      <td>0.355384</td>\n",
       "      <td>-0.322041</td>\n",
       "      <td>0.318330</td>\n",
       "      <td>0.453345</td>\n",
       "      <td>1.000000</td>\n",
       "      <td>-0.072027</td>\n",
       "      <td>0.467259</td>\n",
       "    </tr>\n",
       "    <tr>\n",
       "      <th>B</th>\n",
       "      <td>-0.358463</td>\n",
       "      <td>0.163135</td>\n",
       "      <td>-0.285840</td>\n",
       "      <td>-0.039810</td>\n",
       "      <td>-0.296662</td>\n",
       "      <td>0.053660</td>\n",
       "      <td>-0.228022</td>\n",
       "      <td>0.249595</td>\n",
       "      <td>-0.282533</td>\n",
       "      <td>-0.329843</td>\n",
       "      <td>-0.072027</td>\n",
       "      <td>1.000000</td>\n",
       "      <td>-0.210562</td>\n",
       "    </tr>\n",
       "    <tr>\n",
       "      <th>LSTAT</th>\n",
       "      <td>0.632969</td>\n",
       "      <td>-0.490074</td>\n",
       "      <td>0.638747</td>\n",
       "      <td>-0.050575</td>\n",
       "      <td>0.636828</td>\n",
       "      <td>-0.640832</td>\n",
       "      <td>0.657071</td>\n",
       "      <td>-0.564262</td>\n",
       "      <td>0.394322</td>\n",
       "      <td>0.534423</td>\n",
       "      <td>0.467259</td>\n",
       "      <td>-0.210562</td>\n",
       "      <td>1.000000</td>\n",
       "    </tr>\n",
       "  </tbody>\n",
       "</table>\n",
       "</div>"
      ],
      "text/plain": [
       "             CRIM        ZN     INDUS      CHAS       NOX        RM       AGE  \\\n",
       "CRIM     1.000000 -0.571586  0.735409  0.042337  0.820355 -0.310738  0.703673   \n",
       "ZN      -0.571586  1.000000 -0.642811 -0.041937 -0.634828  0.361074 -0.544423   \n",
       "INDUS    0.735409 -0.642811  1.000000  0.089841  0.791189 -0.415301  0.679487   \n",
       "CHAS     0.042337 -0.041937  0.089841  1.000000  0.068426  0.058813  0.067792   \n",
       "NOX      0.820355 -0.634828  0.791189  0.068426  1.000000 -0.310344  0.795153   \n",
       "RM      -0.310738  0.361074 -0.415301  0.058813 -0.310344  1.000000 -0.278082   \n",
       "AGE      0.703673 -0.544423  0.679487  0.067792  0.795153 -0.278082  1.000000   \n",
       "DIS     -0.744381  0.614627 -0.757080 -0.080248 -0.880015  0.263168 -0.801610   \n",
       "RAD      0.726496 -0.278767  0.455507  0.024579  0.586429 -0.107492  0.417983   \n",
       "TAX      0.728157 -0.371394  0.664361 -0.044486  0.649527 -0.271898  0.526366   \n",
       "PTRATIO  0.464386 -0.448475  0.433710 -0.136065  0.391309 -0.312923  0.355384   \n",
       "B       -0.358463  0.163135 -0.285840 -0.039810 -0.296662  0.053660 -0.228022   \n",
       "LSTAT    0.632969 -0.490074  0.638747 -0.050575  0.636828 -0.640832  0.657071   \n",
       "\n",
       "              DIS       RAD       TAX   PTRATIO         B     LSTAT  \n",
       "CRIM    -0.744381  0.726496  0.728157  0.464386 -0.358463  0.632969  \n",
       "ZN       0.614627 -0.278767 -0.371394 -0.448475  0.163135 -0.490074  \n",
       "INDUS   -0.757080  0.455507  0.664361  0.433710 -0.285840  0.638747  \n",
       "CHAS    -0.080248  0.024579 -0.044486 -0.136065 -0.039810 -0.050575  \n",
       "NOX     -0.880015  0.586429  0.649527  0.391309 -0.296662  0.636828  \n",
       "RM       0.263168 -0.107492 -0.271898 -0.312923  0.053660 -0.640832  \n",
       "AGE     -0.801610  0.417983  0.526366  0.355384 -0.228022  0.657071  \n",
       "DIS      1.000000 -0.495806 -0.574336 -0.322041  0.249595 -0.564262  \n",
       "RAD     -0.495806  1.000000  0.704876  0.318330 -0.282533  0.394322  \n",
       "TAX     -0.574336  0.704876  1.000000  0.453345 -0.329843  0.534423  \n",
       "PTRATIO -0.322041  0.318330  0.453345  1.000000 -0.072027  0.467259  \n",
       "B        0.249595 -0.282533 -0.329843 -0.072027  1.000000 -0.210562  \n",
       "LSTAT   -0.564262  0.394322  0.534423  0.467259 -0.210562  1.000000  "
      ]
     },
     "execution_count": 8,
     "metadata": {},
     "output_type": "execute_result"
    }
   ],
   "source": [
    "boston_df.corr(method='spearman')"
   ]
  },
  {
   "cell_type": "code",
   "execution_count": 9,
   "metadata": {},
   "outputs": [
    {
     "data": {
      "text/html": [
       "<div>\n",
       "<style scoped>\n",
       "    .dataframe tbody tr th:only-of-type {\n",
       "        vertical-align: middle;\n",
       "    }\n",
       "\n",
       "    .dataframe tbody tr th {\n",
       "        vertical-align: top;\n",
       "    }\n",
       "\n",
       "    .dataframe thead th {\n",
       "        text-align: right;\n",
       "    }\n",
       "</style>\n",
       "<table border=\"1\" class=\"dataframe\">\n",
       "  <thead>\n",
       "    <tr style=\"text-align: right;\">\n",
       "      <th></th>\n",
       "      <th>CRIM</th>\n",
       "      <th>ZN</th>\n",
       "      <th>INDUS</th>\n",
       "      <th>CHAS</th>\n",
       "      <th>NOX</th>\n",
       "      <th>RM</th>\n",
       "      <th>AGE</th>\n",
       "      <th>DIS</th>\n",
       "      <th>RAD</th>\n",
       "      <th>TAX</th>\n",
       "      <th>PTRATIO</th>\n",
       "      <th>B</th>\n",
       "      <th>LSTAT</th>\n",
       "    </tr>\n",
       "  </thead>\n",
       "  <tbody>\n",
       "    <tr>\n",
       "      <th>CRIM</th>\n",
       "      <td>1.000000</td>\n",
       "      <td>-0.461987</td>\n",
       "      <td>0.521177</td>\n",
       "      <td>0.034602</td>\n",
       "      <td>0.602035</td>\n",
       "      <td>-0.213002</td>\n",
       "      <td>0.496920</td>\n",
       "      <td>-0.539252</td>\n",
       "      <td>0.562966</td>\n",
       "      <td>0.544007</td>\n",
       "      <td>0.312570</td>\n",
       "      <td>-0.262379</td>\n",
       "      <td>0.453083</td>\n",
       "    </tr>\n",
       "    <tr>\n",
       "      <th>ZN</th>\n",
       "      <td>-0.461987</td>\n",
       "      <td>1.000000</td>\n",
       "      <td>-0.535468</td>\n",
       "      <td>-0.039419</td>\n",
       "      <td>-0.511464</td>\n",
       "      <td>0.278134</td>\n",
       "      <td>-0.429389</td>\n",
       "      <td>0.478524</td>\n",
       "      <td>-0.234663</td>\n",
       "      <td>-0.289911</td>\n",
       "      <td>-0.361607</td>\n",
       "      <td>0.128177</td>\n",
       "      <td>-0.386818</td>\n",
       "    </tr>\n",
       "    <tr>\n",
       "      <th>INDUS</th>\n",
       "      <td>0.521177</td>\n",
       "      <td>-0.535468</td>\n",
       "      <td>1.000000</td>\n",
       "      <td>0.075889</td>\n",
       "      <td>0.612030</td>\n",
       "      <td>-0.291318</td>\n",
       "      <td>0.489070</td>\n",
       "      <td>-0.565137</td>\n",
       "      <td>0.353967</td>\n",
       "      <td>0.483228</td>\n",
       "      <td>0.336612</td>\n",
       "      <td>-0.192017</td>\n",
       "      <td>0.465980</td>\n",
       "    </tr>\n",
       "    <tr>\n",
       "      <th>CHAS</th>\n",
       "      <td>0.034602</td>\n",
       "      <td>-0.039419</td>\n",
       "      <td>0.075889</td>\n",
       "      <td>1.000000</td>\n",
       "      <td>0.056387</td>\n",
       "      <td>0.048080</td>\n",
       "      <td>0.055616</td>\n",
       "      <td>-0.065619</td>\n",
       "      <td>0.021739</td>\n",
       "      <td>-0.037655</td>\n",
       "      <td>-0.115694</td>\n",
       "      <td>-0.033277</td>\n",
       "      <td>-0.041344</td>\n",
       "    </tr>\n",
       "    <tr>\n",
       "      <th>NOX</th>\n",
       "      <td>0.602035</td>\n",
       "      <td>-0.511464</td>\n",
       "      <td>0.612030</td>\n",
       "      <td>0.056387</td>\n",
       "      <td>1.000000</td>\n",
       "      <td>-0.215633</td>\n",
       "      <td>0.589608</td>\n",
       "      <td>-0.683930</td>\n",
       "      <td>0.434828</td>\n",
       "      <td>0.453258</td>\n",
       "      <td>0.278678</td>\n",
       "      <td>-0.202430</td>\n",
       "      <td>0.452005</td>\n",
       "    </tr>\n",
       "    <tr>\n",
       "      <th>RM</th>\n",
       "      <td>-0.213002</td>\n",
       "      <td>0.278134</td>\n",
       "      <td>-0.291318</td>\n",
       "      <td>0.048080</td>\n",
       "      <td>-0.215633</td>\n",
       "      <td>1.000000</td>\n",
       "      <td>-0.187611</td>\n",
       "      <td>0.179801</td>\n",
       "      <td>-0.076569</td>\n",
       "      <td>-0.190532</td>\n",
       "      <td>-0.223194</td>\n",
       "      <td>0.032951</td>\n",
       "      <td>-0.468231</td>\n",
       "    </tr>\n",
       "    <tr>\n",
       "      <th>AGE</th>\n",
       "      <td>0.496920</td>\n",
       "      <td>-0.429389</td>\n",
       "      <td>0.489070</td>\n",
       "      <td>0.055616</td>\n",
       "      <td>0.589608</td>\n",
       "      <td>-0.187611</td>\n",
       "      <td>1.000000</td>\n",
       "      <td>-0.609836</td>\n",
       "      <td>0.306201</td>\n",
       "      <td>0.360311</td>\n",
       "      <td>0.251857</td>\n",
       "      <td>-0.154056</td>\n",
       "      <td>0.485359</td>\n",
       "    </tr>\n",
       "    <tr>\n",
       "      <th>DIS</th>\n",
       "      <td>-0.539252</td>\n",
       "      <td>0.478524</td>\n",
       "      <td>-0.565137</td>\n",
       "      <td>-0.065619</td>\n",
       "      <td>-0.683930</td>\n",
       "      <td>0.179801</td>\n",
       "      <td>-0.609836</td>\n",
       "      <td>1.000000</td>\n",
       "      <td>-0.361892</td>\n",
       "      <td>-0.381988</td>\n",
       "      <td>-0.223486</td>\n",
       "      <td>0.168631</td>\n",
       "      <td>-0.409347</td>\n",
       "    </tr>\n",
       "    <tr>\n",
       "      <th>RAD</th>\n",
       "      <td>0.562966</td>\n",
       "      <td>-0.234663</td>\n",
       "      <td>0.353967</td>\n",
       "      <td>0.021739</td>\n",
       "      <td>0.434828</td>\n",
       "      <td>-0.076569</td>\n",
       "      <td>0.306201</td>\n",
       "      <td>-0.361892</td>\n",
       "      <td>1.000000</td>\n",
       "      <td>0.558107</td>\n",
       "      <td>0.251913</td>\n",
       "      <td>-0.214364</td>\n",
       "      <td>0.287943</td>\n",
       "    </tr>\n",
       "    <tr>\n",
       "      <th>TAX</th>\n",
       "      <td>0.544007</td>\n",
       "      <td>-0.289911</td>\n",
       "      <td>0.483228</td>\n",
       "      <td>-0.037655</td>\n",
       "      <td>0.453258</td>\n",
       "      <td>-0.190532</td>\n",
       "      <td>0.360311</td>\n",
       "      <td>-0.381988</td>\n",
       "      <td>0.558107</td>\n",
       "      <td>1.000000</td>\n",
       "      <td>0.287769</td>\n",
       "      <td>-0.241606</td>\n",
       "      <td>0.384191</td>\n",
       "    </tr>\n",
       "    <tr>\n",
       "      <th>PTRATIO</th>\n",
       "      <td>0.312570</td>\n",
       "      <td>-0.361607</td>\n",
       "      <td>0.336612</td>\n",
       "      <td>-0.115694</td>\n",
       "      <td>0.278678</td>\n",
       "      <td>-0.223194</td>\n",
       "      <td>0.251857</td>\n",
       "      <td>-0.223486</td>\n",
       "      <td>0.251913</td>\n",
       "      <td>0.287769</td>\n",
       "      <td>1.000000</td>\n",
       "      <td>-0.042152</td>\n",
       "      <td>0.330335</td>\n",
       "    </tr>\n",
       "    <tr>\n",
       "      <th>B</th>\n",
       "      <td>-0.262379</td>\n",
       "      <td>0.128177</td>\n",
       "      <td>-0.192017</td>\n",
       "      <td>-0.033277</td>\n",
       "      <td>-0.202430</td>\n",
       "      <td>0.032951</td>\n",
       "      <td>-0.154056</td>\n",
       "      <td>0.168631</td>\n",
       "      <td>-0.214364</td>\n",
       "      <td>-0.241606</td>\n",
       "      <td>-0.042152</td>\n",
       "      <td>1.000000</td>\n",
       "      <td>-0.145430</td>\n",
       "    </tr>\n",
       "    <tr>\n",
       "      <th>LSTAT</th>\n",
       "      <td>0.453083</td>\n",
       "      <td>-0.386818</td>\n",
       "      <td>0.465980</td>\n",
       "      <td>-0.041344</td>\n",
       "      <td>0.452005</td>\n",
       "      <td>-0.468231</td>\n",
       "      <td>0.485359</td>\n",
       "      <td>-0.409347</td>\n",
       "      <td>0.287943</td>\n",
       "      <td>0.384191</td>\n",
       "      <td>0.330335</td>\n",
       "      <td>-0.145430</td>\n",
       "      <td>1.000000</td>\n",
       "    </tr>\n",
